ent_coef: 0.04301671153655546
gae_lambda: 0.9215699756929226
gamma: 0.938392545266507
learning_rate: 0.0018013853343428006
max_grad_norm: 0.725494223911191
n_steps: 5
vf_coef: 0.363747020743681
