ent_coef: 0.01942934030236451
gae_lambda: 0.9505626105640844
gamma: 0.9033622696797441
learning_rate: 0.0036503176270292047
max_grad_norm: 0.7747803300938342
n_steps: 10
vf_coef: 0.5939263535933921
