ent_coef: 0.046756836941231804
gae_lambda: 0.9364591300236029
gamma: 0.9204142985377389
learning_rate: 0.00019442059244792348
max_grad_norm: 0.9490764418402375
n_steps: 20
vf_coef: 0.609670124219259
