ent_coef: 0.049778323352213036
gae_lambda: 0.9059322549939913
gamma: 0.9579972307015543
learning_rate: 0.0005299033452278032
max_grad_norm: 0.8271237117674326
n_steps: 10
vf_coef: 0.28448048718070734
