ent_coef: 0.021765180480418943
gae_lambda: 0.9533523652784648
gamma: 0.9570782634805849
learning_rate: 0.005546257704117017
max_grad_norm: 0.3476888353351371
n_steps: 5
vf_coef: 0.23766825081292997
