ent_coef: 0.036577941754893914
gae_lambda: 0.9486584252791783
gamma: 0.9326111966584353
learning_rate: 0.00810733946532713
max_grad_norm: 0.41160194908525927
n_steps: 5
vf_coef: 0.6843437678175343
