ent_coef: 0.015774028656351052
gae_lambda: 0.9022949850512689
gamma: 0.9661085612379995
learning_rate: 0.0006245838179688251
max_grad_norm: 0.6646717826126082
n_steps: 10
vf_coef: 0.3959448651189506
