ent_coef: 0.012951118887477627
gae_lambda: 0.9644504982071948
gamma: 0.9285390899706238
learning_rate: 0.0010412680535464576
max_grad_norm: 0.5225658233960138
n_steps: 10
vf_coef: 0.6901344396512804
