ent_coef: 0.023617345711067373
gae_lambda: 0.9123601954319545
gamma: 0.9691707502797288
learning_rate: 0.007881169969047953
max_grad_norm: 0.5468870838420452
n_steps: 5
vf_coef: 0.4894160881188083
