ent_coef: 0.037315768963847876
gae_lambda: 0.9998993157703159
gamma: 0.9495297090565906
learning_rate: 0.013116386845753596
max_grad_norm: 0.801469932311009
n_steps: 20
vf_coef: 0.5857634659658668
