ent_coef: 0.013876230261736164
gae_lambda: 0.9573335651552717
gamma: 0.9066950943418743
learning_rate: 0.00018255437715993035
max_grad_norm: 0.9800481743638205
n_steps: 5
vf_coef: 0.6018061209737586
