ent_coef: 0.018779792422001132
gae_lambda: 0.9624039331709007
gamma: 0.9458415650742322
learning_rate: 0.00047342238506323903
max_grad_norm: 0.4880797784309957
n_steps: 20
vf_coef: 0.386563046117953
